,PC1,PC2,PC3,PC4,PC5,PC6,PC7,PC8,PC9,PC10,PC11,PC12,PC13,PC14,PC15,PC16,PC17,PC18,PC19,PC20,PC21,PC22,PC23,PC24,PC25,PC26,PC27,PC28,PC29,PC30
0,-0.8082985837046307,1.9385401239550288,-1.2338370665058964,-0.20598392385012423,0.03379812646450124,-1.6024441851627822,-0.999947438409576,0.5900057263056945,-0.12840750776341592,0.275818202283457,-0.8250283159724204,1.2354704229145375,0.7048509426409155,0.8831421113054003,0.5865625148045644,0.4436926119686161,0.30564259233905133,0.09252702818419678,-0.6620386330495815,0.09323303927521925,0.10214091258130127,0.7450030476219947,1.539816273972798,4.80147414181651,0.7819673724563029,4.579299334176595,-1.7141990684199784,-0.39558547519114867,0.019720448984552264,7.328794668241511e-16
1,-0.913439872200967,2.8684452721371954,-1.7900109957741435,-0.14496581346556897,-3.557697871714042,-5.002115205563098,-1.38477950773437,-4.6328242458874955,-3.7940367015333836,-2.337292001137567,1.4752060984565822,-4.327498839121222,-1.8094733618668444,-0.10961641132383258,-0.5767637834664182,-2.727500263580617,-2.324117187930481,1.099815782456726,0.028358365412423127,-3.8185975813034014,1.7097911492580262,1.5055218466366607,-1.253057738142955,-0.7277900426836129,0.15423101005598328,0.14139420138052902,-0.7062197950853579,0.15449913536494847,-0.05026931024458753,-4.4276650413458506e-17
2,-0.5696594440031892,8.093715099307374,0.339998938210953,0.12180454998733367,2.71497197330701,0.7089955973317718,-1.6637121749352224,-2.150551661191931,6.075191858805285,-1.3827402192478975,-2.4283240886996884,2.0275920693549727,2.7463937654156174,2.8033283623375422,4.353964163083758,-2.3755773510962004,-1.6560950821665967,1.9060174823335665,0.8802132172844195,-0.26356833609259583,0.9401522996244489,-1.30595678396765,-0.38044722419913446,-1.2860660902280325,-0.37339974838234935,0.054121940244277175,0.2919319128505566,0.24819773234871684,-0.06666167868624973,6.773683155928933e-16
3,-0.9282684009395474,2.63547237863564,-0.807853927744536,0.07732552039714023,-0.8975523985331607,-0.49313108963977614,-0.5937220085012349,-2.008703676295176,-0.8127629640069726,-0.8603553548873213,-0.7059274605717121,0.08730978187577068,-0.3638168525098123,0.19198086263064276,-3.7147309891027795,2.2190902038150693,1.7178790984106105,-2.431987024783854,-0.6569110811252231,2.2747602454568505,5.592796834101424,-4.2069466904041715,0.3161848220277858,0.26561423250421295,-1.0137248560361973,-0.4157604294739602,0.10107732360700919,-0.24828321297324746,-0.04432156573744125,-3.7734355780100544e-16
4,-2.6728712013081166,0.7891163559432712,-2.9660967905614406,-0.47808893322261625,-2.209914067624696,-2.5077545697742063,-0.7522204426900214,-1.0609410220416635,-3.502604630236252,-2.167927263308992,1.931279706162686,-1.7736711403876417,2.8827696484839604,2.1947707504458833,5.541986369858217,4.1328097879682995,2.2415165282841696,-2.653072359731894,0.5967880595551761,1.9396217820278703,-2.8957715129778734,-0.5993774511049103,-0.20637645845691704,-0.8455312447661513,0.0007789994923828648,-0.5207856335662494,0.03098739341351963,-0.21339385378101972,-0.03868106759925751,3.9981255943660414e-16
5,-2.975668099010809,6.552622276419179,-0.550278209319317,-2.886729545322174,-0.9405263552535066,4.286248119385987,2.804911131110829,8.553970772137047,-2.577123659294776,0.9836076790915579,3.786870862291039,-2.4781971775069644,0.5438762954171319,-2.0137452048818614,0.8131063267471678,-1.1677846076178322,0.10845256600905129,1.2637654095634125,1.15921332543868,-0.717581120491047,1.0361476325453196,-0.8837439804235718,-0.06438328197168464,-0.034688239473911565,0.16974749583460857,-0.10014179150236467,-0.15379987403443113,0.26244943878173005,-0.08277108808396814,5.108348618991198e-16
6,-2.9603371319147866,-1.426254562160926,3.5377436804284508,1.460423922401247,0.45268810198834436,-3.77373496351537,-4.285761943711301,-0.32094656115491504,6.128375825048838,4.8673361789742495,7.052036281231251,-1.398268334330254,-0.20042694416495468,-3.0613458170919507,-0.06934727605336191,0.7690415148148143,-0.16252154587334128,-0.8317473985273018,0.7965453838860707,0.4951123077536328,-0.15359158758649866,-0.33817555942229943,-0.5325289326917277,0.05656882149873993,0.21917924535872474,-0.04937242975425837,-0.34120186463525704,-0.024102771639572848,-0.03075575838030009,-3.3306690738754696e-16
7,-2.714522816740744,-2.476073575038303,-0.514967391581059,0.31241232231132154,1.6885639007041702,-2.012811411101822,1.806866271155852,1.463100515679912,-0.4663432816126184,2.0231675035660412,-0.25546418873085097,0.8887688947220774,1.0856741816106072,2.738063601585427,-0.9997036862738774,3.6026859010624577,-1.0624135073768541,5.124232843739115,-4.266350998378884,-1.2812438738017156,-0.5452608204355076,-1.3029693439434704,-2.9728717105011437,0.8827243454942292,-0.7999234500210313,-1.2732362413585678,-0.699040503653105,0.0500528658237093,-0.016492473257153417,-1.9984014443252818e-15
8,-4.329245826698238,-3.1124219555903254,-3.999660634398761,3.9491830532782894,3.1429859329922247,6.859651387161144,-5.472074065140743,-2.1821500449543207,-1.9035110500860015,-2.250506691289022,-0.6420865569406125,0.18028886223105572,1.411540655477832,-5.204893785796639,0.1655365129971499,1.1688946871541264,-1.2336579772076017,1.1051932897763455,-0.6149248198764175,-0.932717308546998,-0.16661364643136767,-0.12884502756256117,0.27239013022097613,-0.49238965238878535,0.12531858829058487,0.40313443202699545,-0.00517479490602535,-0.2677661997868436,0.09914085085176322,7.883906180554089e-16
9,-0.9243749556888855,4.975520177534703,-0.6311472656107928,0.13823862600023687,0.6092465431426923,-0.08347662350097597,0.19142901070446147,-0.3956517876660245,0.7653242353259108,-0.18299124681197562,-1.587715893741821,0.6605805355341989,-0.20450239311612553,-0.14499532146351232,-4.93183324521145,0.7456186065777303,1.8462885731614114,-0.8886541448799383,-0.8293742789376755,0.8788781865190239,-2.399675649755732,0.6059936684129621,-2.202254707796873,-1.6650755658271994,4.458046456220821,0.9406118998526505,0.8066236727266497,1.2401160668580204,-0.420457221342778,1.777679545115728e-16
10,-0.541531849225595,5.046890593807769,0.39416375883992283,0.4526922695702171,-0.41103384631766704,0.9088844309729602,0.16593238540593966,-0.01498717307313626,1.2414331576196425,0.08196979636914346,-1.1474936290767277,0.43619422154849247,-1.0565338990206148,-0.1771278827108007,-3.834187592009342,-0.44867681935657816,1.6584107033821673,-1.7509777763148988,-0.39848349653585563,-1.4205695020737157,-3.8654530977556694,0.46207696357754124,0.1600496663123599,-0.9624123525029078,-3.716090086784228,-0.04549050955708281,-1.3704695128751194,-2.1419752368717906,0.9001508822803261,6.674565204905715e-17
11,-0.7417355982283853,3.0686938389020084,-0.5632960935266009,0.4403822748143365,-0.07773634521130787,0.8577818394364413,-0.956276496848411,-0.9852582567356427,1.073549265074002,-0.1579200669081733,-0.4684826519412622,0.17980422966182202,0.47614260723780455,0.05301085537575694,-0.27063932046287825,0.10014006037863508,2.681847387075723,0.28054551617613716,-0.38065071459730954,0.21288759326890855,0.9886700964847943,4.2298795865014505,1.4164863529128209,3.5679533140012856,0.5333739184052118,-4.2592327282252045,0.8200652362167266,-0.001152886992478116,-0.07983093283535768,-2.663212553384898e-16
12,-5.19485422211341,-5.146038297575517,-1.9620029302428128,1.4522337127220728,-0.923277939908383,2.8881432506976115,-1.5444897090496417,1.7940005757717625,0.38672672156980453,-1.179723126868838,0.8661827058800436,1.5800197824072038,-4.1281747893404,5.242799906747257,-0.12753701637574638,-3.894826857996456,-0.889626974415542,-1.7739495878671652,2.001096286516518,1.7267424476808035,-0.04101996640352468,-0.1725624496438732,-2.7786936876364092,0.9654853661198276,0.460143608243422,-0.541820567897223,-0.5702022626582264,-0.49233483346659673,0.09895452228349036,7.883906180554089e-16
13,-2.9275111836975123,-3.0713380224804645,-0.14617296229516125,0.061067363801581745,-0.9295970333146311,-0.4832400028561493,0.4342236663056843,1.2615944624735818,0.9992264977931293,0.2651181946072815,0.15270816462962333,0.6179947978729,-1.0767395845366083,2.784177133620611,-0.3922453951971251,-0.1269919069353792,0.38901546541559934,1.2210418054618315,-1.5400978628910127,-0.809169441788738,0.5565013402474138,0.062093186455143196,5.674750095221724,-3.096930178009703,2.049444404269224,-0.507329947231335,-1.6441348168611754,-0.9034157941050834,-0.49820315351576355,7.883906180554089e-16
14,-2.2486970382972205,-1.5096893649913135,0.4136130830316602,0.11788776514033616,-0.02464638671878963,-1.1403696424625862,0.36730690910693087,0.7250068181529725,-0.4856026804684949,0.44713245150598085,0.7439275506330053,-0.09016099166815958,-0.40109123465962315,1.4574498571673102,-0.40752744802695945,-0.37794757792260625,0.07386404133828334,0.7156958965748392,-0.6576697714097641,-0.8208397572543829,0.13902094819745497,0.5653653600920512,0.8882444748174644,-0.189907050896564,-0.7782972078910353,1.7968999082807082,5.5738425479994795,-1.6359880603349644,-0.04716121694808839,8.326672684688674e-17
15,5.698108677359337,-0.15268682255299953,-4.604284832339443,-0.551688397379336,-0.059720944079365235,-5.231478099887614,-5.835106366285864,6.066364863878006,-1.3366345464128075,2.488541287712465,-4.35331443092992,2.8126276098407184,-1.495514556212298,-1.8440654659069846,0.6889827259491375,0.14540939776418244,-1.5357102868255046,-0.657736051500492,1.024677493778189,-0.11228021746133993,0.058855194624236246,-0.127949004339454,-0.007041855769030103,-0.6680871576439601,-0.13922600426844967,-0.9218628066001496,0.30913484504965383,0.02406755604041938,0.010511171621122362,1.6653345369377348e-15
16,1.968664190535315,0.07569705744430155,-0.4368663485704193,-1.026994888292328,-2.8253751735486925,-1.1489834478248746,1.5267588602300415,-2.516146474346911,-0.5244958342453885,-1.5165080428442395,0.3409328519791941,-0.5881866537604976,-1.0759034887047798,-2.531022812289658,-1.1721484931139892,-2.4826432539747803,-2.4060453801385266,3.9261500540853755,0.7708052041153279,4.7462539824738,-3.180590799273257,-2.6309573489041385,1.7764025416195992,1.392420538586938,0.11983527868377035,-0.8706794906758678,0.4325968058493416,0.028327553159693028,0.15628051792851433,7.154264386415562e-16
17,9.967003990124953,-3.4767179533058576,-2.220055240074543,-6.421290337201919,2.6950713946879405,2.4703620848956684,-3.029765818229129,0.3548627201505018,2.1508951149989377,-3.193138210427251,3.4360785398227294,-3.2307995559569505,1.2695956618847513,2.021421113096009,-1.2103702472223876,-0.631789163765502,1.7181413112772677,0.5532913145074914,-1.6566690565832674,0.4687596299344775,0.2739996405369338,0.536505610934301,-0.4991938931999216,-0.38904588010389396,-0.23805541005554492,0.5142157642058246,-0.17711877634942808,-0.11312450887658143,0.14264308162362155,1.3613459108812943e-16
18,1.5393455257932926,0.19732594194723768,2.00054462831558,-2.1847651856376173,1.1995009725505452,1.2262312990771869,1.6789803770800176,-0.9914909062664881,-0.5406456642438024,-0.9553772113741522,0.946902993818302,1.8427497322485098,-0.19253460630845445,1.400831565221086,-2.192826375856962,5.6430156139118095,-4.593802258204507,0.7677580378843678,5.387397025946017,0.43768528870701745,0.7578861578698919,2.34901421487197,0.18284368988176108,-0.534868213961706,-0.19427967348368594,0.21180076498082953,-0.25861996823558503,-0.28421994673267525,0.04615444270725881,1.4307348499203666e-16
19,2.544412226142621,-1.6506533767739204,-0.38159488632774874,-1.0417632094430396,-2.4934695710879393,0.23953408950448124,2.3900280979777655,-2.0865814659168973,-2.7339471965957807,1.7014722727382434,3.9683897489646003,8.112690857284939,5.232473970234829,-1.018997997277117,-0.49284760370597713,-3.003965407024552,-0.4338185019662375,-1.6413936011508685,-0.8223090631808117,-1.0309655767075863,0.3711996293326507,0.13995351946022022,-0.46821612660986583,-0.3764781850524009,0.19062332084095152,-0.2931743796147237,-0.14764861820443873,-0.07024880805250273,0.01962557267900993,-4.080720346150489e-17
20,-0.2968455287701919,1.15321099555733,2.805758732553283,-2.524352133802108,0.915575291702168,1.4150120038818088,1.9030028872772764,-0.3558153856232463,-0.39877347874945557,1.3170067286878646,-1.442585523336172,-0.9900794614151001,-2.2663118433356098,-1.613696559669228,2.6404944763885037,0.012507910872685135,-4.678963231444891,-3.361881393626153,-5.221165316554822,3.0861662772218303,0.7105468131215632,2.2181265757797606,-0.4412281122857662,-0.7267759553558236,-0.17058347797378767,0.12620526929002832,-0.16938353707854786,-0.20539181996541334,0.08502120917169681,1.777679545115728e-16
21,-0.33016253989075667,-1.9870339183243215,12.147554869098034,0.14790328395061578,0.6902221960014434,-1.18558064271123,-3.664619121957053,2.2323886177666385,-3.6783344548694505,-3.9114940117573362,-2.3682517645863794,0.08344840781562386,1.917428785205836,-0.2588134811800725,0.022266394623947933,-1.2028902654422255,1.51722208763452,0.5322257236678105,0.3310969821789199,0.12162160695175989,-0.03605675438480645,-0.27288644798000106,-0.4574306009641319,0.019330290982998072,0.19083728995700952,-0.15865181337321105,-0.35250425438119287,-0.01653431043116973,0.020551025916837263,1.0837901547250052e-16
22,-0.29740148117589876,-2.9126070247835916,0.13228572032676467,-2.100654117277185,2.3730444061172493,1.525346940882253,0.9660443673110886,-2.4577194708271355,-1.7107431354054297,7.6002947674061625,-4.287540716721237,-5.166013236968161,3.9003977569089523,1.4758823709183946,-0.8524468169655369,-1.8228182392510717,-0.6345643011419835,-1.5121350674129095,2.1208469883214907,-0.8024848391404832,-0.5685523425776787,-1.0672885458312311,0.3585942644833649,0.5573251891045216,0.47020834773114817,-0.4200128942531789,-0.09160472920617813,-0.08323346975787504,-0.032409214455769664,-3.3306690738754696e-16
23,1.172255247168753,-1.4662415837061338,-1.9269308225831039,5.437728772230611,9.23608346736463,-4.536677221091608,6.145952490990404,1.2625385321161513,-0.5635595943391027,-2.718016450740611,0.9777792851601825,-0.9375288383087204,0.3218331324394913,-1.467759689754051,0.12007156234362096,-1.8343777046384033,0.8785456008890118,-0.8358143689847326,0.9965866185502061,0.9261994178712981,0.5931578742364962,0.555934746747976,0.06842292638079484,-0.29795628168872146,-0.22340016191568302,-0.05473561857536369,-0.42980681834021695,-0.13191319421028816,0.04044198730912785,1.3600232051658168e-15
24,3.913516338001867,0.23236492450464066,2.145535198026573,-1.1662715029417636,2.2519478778574196,1.6730555288891853,1.7691398670036755,-1.7776758711777656,0.05298485431273691,-0.8532719369923769,0.8180052500188242,1.3279880409894709,-5.086220612932951,-0.5638013057452758,2.3878181853587686,1.4984710775325973,-0.24483987493800774,-2.2034897937211695,-0.076516717633657,-4.693300926912321,-1.623927634586359,-3.3739431417101873,0.60432868921362,1.830575470671557,1.362293954626818,-0.9730380455472799,0.5174514020642519,0.16798665145075867,-0.25876801426046026,1.343502130367987e-15
25,8.669915672443505,0.5969047006976345,1.369988341707792,10.613837476380606,-5.1678185219992745,3.137895988588689,0.9919856935174501,1.0706185531865453,0.4260458433627554,1.548271728078113,0.26746426086689706,-2.232569980865116,0.5308638954275664,1.6674411493801446,0.7065670805382123,0.9077521581509731,-0.4605014475534655,0.23960188088062195,-0.44565193975025397,0.2066026415436747,0.36360412955469057,0.2055545866851112,-0.30874089132069343,-0.19674070648303474,0.18420580480816473,0.41779997891593584,0.006082386788214858,0.0016406716369519556,-0.1139562244835926,1.2845215321847757e-15
26,1.3993783373515558,-0.6505873712430045,0.6100327215638708,-1.6809057408049026,0.020464296354557873,1.298134947098008,1.348177336907051,-3.2916421840865215,-1.7144995462067216,4.093710528559175,-1.1043206268233434,1.7706958265556205,-4.3648175826593585,-1.7878587910150427,3.210751832225714,0.07876653767347686,5.451299448515245,3.313598246701124,1.3497829633144907,1.3488764512037017,1.326260554693999,1.1814611949245257,-1.3665503237190755,-1.5108056522320774,-0.3464246702117241,1.0571237992335694,-0.5218425928291563,-0.3692275533719299,0.06213737421338152,5.385904375147487e-16
27,-1.3741861123953512,-5.2099200511211725,-0.9042969944277439,-2.199522447958754,-5.466325045088285,-0.6710356534127279,4.378581798934401,1.383439442120021,5.898597963634575,-3.469136626763478,-4.039492986513724,-1.0842212538903522,1.8005727319885416,-3.8319181445693284,0.7524360427435043,0.6202637007490809,0.6213633272435706,-0.6167732753338067,0.8585745633468195,-1.290924612557596,0.6922855985709276,0.13753218029742745,-1.561074249816891,0.18656746606200741,0.3183110933758468,0.09220710776304937,-0.224778956789566,-0.977691056968065,-0.6946491574544951,-1.3730748330116928e-15
28,-1.7276929523815683,-2.557636456042488,-0.16045177529865537,-0.14368023476678632,-1.649670699580665,-0.17675211970848,1.2808511789616273,0.506574979241975,1.4516680497809222,-0.4958760498420654,-0.8669463300898866,0.033924460958310594,-0.24911608461006687,0.20721305780727056,0.15524410927805674,0.3713766774590661,0.5620367062266873,-0.34295445806264613,-0.04189856707650917,-0.8170556678012703,0.30554394475500185,0.23172985591086537,1.1350532382723253,-0.35484088767295097,-0.44289870558486655,0.39833039222883393,0.49851857630329255,3.021196921326315,3.2262596535434684,1.1234500817799323e-17
29,-1.3952953665353973,-1.4186194011029964,-0.09741450492070926,-0.02546450161971987,-0.389802281254487,0.5543073704100948,0.032302763512086274,-0.035380391735534804,0.22200653874331405,-0.061172808378430935,-0.24078913523920634,0.4190469303629079,-0.8532361963953289,0.5081459730366148,-0.9006330078955279,-0.3617470292514259,0.545152119981175,-0.6388940100951405,-0.03127016006370622,-0.1521021359566715,-1.0420469381683006,0.6798556303275544,1.1065226297448305,-0.16964983987140006,-3.3522427360423874,0.6721805346261954,0.18943864167429447,3.3770484007179915,-2.452204663828906,-4.3285470903226327e-16
